Angle = 13.265907474663535
Start_X = 103.32134115187876
Start_Y = 215.41877621430285
End_X = 394.5373645583677
End_Y = 284.0763884019643
