Angle = 41.18769927595172
Start_X = 694.5381917470025
Start_Y = 763.9405493436936
End_X = 1803.8061843833912
End_Y = 1734.6106892534563
